[proxy]
url = socks5h://192.168.50.15:1080

[offline]
north_west = 46.357879198300516, 83.39287198273128
south_east = 22.89205887817234, 123.91045032827455
range = 5, 12
max_cache_size_g = 20
threads = 200

